4112512566713081290750621502106312003611326883761379131341125125667130812907506215021063120036113268837613791313
4112512566713081290750621502106312003611326883761379131341125125667130812907506215021063120036113268837613791313
4112512566713081290750621502106312003611326883761379131341125125667130812907506215021063120036113268837613791313
4112512566713081290750621502106312003611326883761379131341125125667130812907506215021063120036113268837613791313
4112512566713081290750621502106312003611326883761379131341125125667130812907506215021063120036113268837613791313
4112512566713081290750621502106312003611326883761379131341125125667130812907506215021063120036113268837613791313
4112512566713081290750621502106312003611326883761379131341125125667130812907506215021063120036113268837613791313
4112512566713081290750621502106312003611326883761379131341125125667130812907506215021063120036113268837613791313
4112512566713081290750621502106312003611326883761379131341125125667130812907506215021063120036113268837613791313
4112512566713081290750621502106312003611326883761379131341125125667130812907506215021063120036113268837613791313
4112512566713081290750621502106312003611326883761379131341125125667130812907506215021063120036113268837613791313
4112512566713081290750621502106312003611326883761379131341125125667130812907506215021063120036113268837613791313
4112512566713081290750621502106312003611326883761379131341125125667130812907506215021063120036113268837613791313
4112512566713081290750621502106312003611326883761379131341125125667130812907506215021063120036113268837613791313
4112512566713081290750621502106312003611326883761379131341125125667130812907506215021063120036113268837613791313
4112512566713081290750621502106312003611326883761379131341125125667130812907506215021063120036113268837613791313
4112512566713081290750621502106312003611326883761379131341125125667130812907506215021063120036113268837613791313
4112512566713081290750621502106312003611326883761379131341125125667130812907506215021063120036113268837613791313
4112512566713081290750621502106312003611326883761379131341125125667130812907506215021063120036113268837613791313
4112512566713081290750621502106312003611326883761379131341125125667130812907506215021063120036113268837613791313
4112512566713081290750621502106312003611326883761379131341125125667130812907506215021063120036113268837613791313
4112512566713081290750621502106312003611326883761379131341125125667130812907506215021063120036113268837613791313
4112512566713081290750621502106312003611326883761379131341125125667130812907506215021063120036113268837613791313
4112512566713081290750621502106312003611326883761379131341125125667130812907506215021063120036113268837613791313
4112512566713081290750621502106312003611326883761379131341125125667130812907506215021063120036113268837613791313
4112512566713081290750621502106312003611326883761379131341125125667130812907506215021063120036113268837613791313
4112512566713081290750621502106312003611326883761379131341125125667130812907506215021063120036113268837613791313
4112512566713081290750621502106312003611326883761379131341125125667130812907506215021063120036113268837613791313
4112512566713081290750621502106312003611326883761379131341125125667130812907506215021063120036113268837613791313
4112512566713081290750621502106312003611326883761379131341125125667130812907506215021063120036113268837613791313
4112512566713081290750621502106312003611326883761379131341125125667130812907506215021063120036113268837613791313
4112512566713081290750621502106312003611326883761379131341125125667130812907506215021063120036113268837613791313
4112512566713081290750621502106312003611326883761379131341125125667130812907506215021063120036113268837613791313
4112512566713081290750621502106312003611326883761379131341125125667130812907506215021063120036113268837613791313
4112512566713081290750621502106312003611326883761379131341125125667130812907506215021063120036113268837613791313
4112512566713081290750621502106312003611326883761379131341125125667130812907506215021063120036113268837613791313
4112512566713081290750621502106312003611326883761379131341125125667130812907506215021063120036113268837613791313
4112512566713081290750621502106312003611326883761379131341125125667130812907506215021063120036113268837613791313
4112512566713081290750621502106312003611326883761379131341125125667130812907506215021063120036113268837613791313
4112512566713081290750621502106312003611326883761379131341125125667130812907506215021063120036113268837613791313
4112512566713081290750621502106312003611326883761379131341125125667130812907506215021063120036113268837613791313
4112512566713081290750621502106312003611326883761379131341125125667130812907506215021063120036113268837613791313
4112512566713081290750621502106312003611326883761379131341125125667130812907506215021063120036113268837613791313
4112512566713081290750621502106312003611326883761379131341125125667130812907506215021063120036113268837613791313
4112512566713081290750621502106312003611326883761379131341125125667130812907506215021063120036113268837613791313
4112512566713081290750621502106312003611326883761379131341125125667130812907506215021063120036113268837613791313
4112512566713081290750621502106312003611326883761379131341125125667130812907506215021063120036113268837613791313
4112512566713081290750621502106312003611326883761379131341125125667130812907506215021063120036113268837613791313
4112512566713081290750621502106312003611326883761379131341125125667130812907506215021063120036113268837613791313
4112512566713081290750621502106312003611326883761379131341125125667130812907506215021063120036113268837613791313
4112512566713081290750621502106312003611326883761379131341125125667130812907506215021063120036113268837613791313
4112512566713081290750621502106312003611326883761379131341125125667130812907506215021063120036113268837613791313
4112512566713081290750621502106312003611326883761379131341125125667130812907506215021063120036113268837613791313
4112512566713081290750621502106312003611326883761379131341125125667130812907506215021063120036113268837613791313
4112512566713081290750621502106312003611326883761379131341125125667130812907506215021063120036113268837613791313
4112512566713081290750621502106312003611326883761379131341125125667130812907506215021063120036113268837613791313
4112512566713081290750621502106312003611326883761379131341125125667130812907506215021063120036113268837613791313
4112512566713081290750621502106312003611326883761379131341125125667130812907506215021063120036113268837613791313
4112512566713081290750621502106312003611326883761379131341125125667130812907506215021063120036113268837613791313
4112512566713081290750621502106312003611326883761379131341125125667130812907506215021063120036113268837613791313
